1371
8137
8877
1747
3538
5854
58
5934
4789
3574
3270
6648
8664
122
876
5643
4652
3166
3790
3145
7048
3451
1775
8980
2158
9549
2326
1327
4847
6201
5590
3492
4321
1774
9452
1615
9479
9948
2416
3257
3484
7189
9738
7861
2448
1581
7263
7822
9405
3368
1538
1304
5506
3960
5459
7883
469
9888
5251
983
3804
1397
6934
5874
2233
6337
4076
8837
160
2338
2204
388
7090
1166
8895
6518
8455
2415
9599
2458
7921
7196
8015
8514
2753
1475
7209
353
2195
6640
3418
8882
747
1806
4955
270
8053
1915
2461
7887
7346
8826
5888
1441
7015
7990
5794
5029
7045
1075
9287
1830
3164
60
2795
8579
5333
7168
2613
7811
3330
4912
1620
8162
5366
5790
9812
9828
4998
6988
4604
7708
8089
7353
6134
7042
8682
8651
5699
4334
5062
3441
2791
6760
9575
77
9956
7600
9606
254
780
2936
1889
9648
4075
6984
4127
7010
2536
8020
5309
5429
2737
7814
1530
6443
9940
7487
1465
6348
5008
6192
2091
3919
7518
2047
4435
3941
663
6013
6397
9705
1320
9998
7248
4692
9046
1410
9668
4688
9465
4158
7543
5448
8473
5218
9006
433
4246
7965
2340
3445
8938
9107
9010
7226
5683
5388
6813
4689
2633
8343
6032
7778
1046
7882
5311
5927
796
2520
2519
5405
8748
7394
8783
2799
6549
8205
887
8099
1313
1809
1780
4214
3082
3829
8760
5011
9391
4538
1349
5544
7182
3212
4568
1011
9755
3737
5471
3913
1326
8280
8197
8203
9678
3402
4016
4641
2434
9301
7213
7860
7185
9159
8916
2883
9063
2726
8663
797
5509
2136
1627
5254
301
6609
7625
2030
5227
8440
9573
759
5685
6154
2298
4520
6068
2157
8375
1703
6695
867
7371
8206
3405
8667
6253
9400
4898
5988
1711
7913
8679
2450
9780
3407
7706
2335
7282
530
7759
2100
3955
9728
810
1768
1060
819
7265
9712
5814
1505
1867
3788
4795
6371
8715
9111
4050
9224
6344
4397
7934
7175
88
9328
3959
5769
1720
5572
9066
9283
2640
4939
5584
3735
2321
7104
4773
3333
192
3284
7943
5015
1440
7040
1366
9551
8658
4364
5715
6766
7041
477
3697
5134
3496
3018
1338
3154
8586
9187
2584
6932
6147
7308
7873
8735
7554
3872
8248
2495
865
9730
7661
4457
200
9985
5060
9650
6605
6133
1887
6613
4060
5399
3606
9683
8923
1586
5340
8331
5686
2507
6461
3875
1994
3474
5860
6577
9348
3987
918
7316
8744
3532
6207
6931
8912
2496
4662
2738
2081
7572
2631
5481
2642
6544
4184
3010
2910
678
1429
7046
7924
4904
2286
2121
2914
3282
2035
4115
6470
7190
9961
9014
5789
7737
3055
3031
9315
8315
3253
9319
3308
1855
4147
2834
5903
206
6261
4948
7490
9468
283
8782
5079
1341
8922
8961
7613
6508
7820
7948
5539
551
1195
7178
79
1732
647
4380
3425
3662
9407
5677
4685
1097
3968
9739
5270
9867
5818
9986
8294
4358
9258
2581
6857
8661
